[gd_scene load_steps=6 format=2]

[ext_resource path="res://PinballBoard.tscn" type="PackedScene" id=1]
[ext_resource path="res://Ball.tscn" type="PackedScene" id=2]

[sub_resource type="PipelineECS" id=1]
pipeline_name = @"Main"
systems_name = [ @"PhysicsSystemDispatcher", @"BtBodyConfig", @"BtAreaConfig", @"ScenarioManagerSystem", @"MeshUpdaterSystem", @"MeshTransformUpdaterSystem" ]

[sub_resource type="PipelineECS" id=2]
pipeline_name = @"Physics"
systems_name = [ @"BtBodyConfig", @"BtAreaConfig", @"BtApplyForces", @"BtSpacesStep", @"BtOverlapCheck", @"BtBodySync", @"BounceSystem.gd" ]

[sub_resource type="Environment" id=3]
background_mode = 1
background_color = Color( 0.623529, 0.882353, 0.984314, 1 )
glow_enabled = true
glow_normalized = true
glow_blend_mode = 1

[node name="WorldECS" type="WorldECS"]
active_pipeline = @"Main"
system_dispatchers_map = {
@"PhysicsSystemDispatcher": @"Physics"
}
storages_config = {
@"BtRigidBody": {
"page_size": 5000
},
@"BtShapeBox": {
"page_size": 10
},
@"TransformComponent": {
"pre_allocate": 5000
},
@"Child": {
"pre_allocate": 5000
}
}
storages_config/BtRigidBody/page_size = 5000
storages_config/Child/pre_allocate = 5000
storages_config/TransformComponent/pre_allocate = 5000
pipelines/Main = SubResource( 1 )
pipelines/Physics = SubResource( 2 )
script = null

[node name="WorldEnvironment" type="WorldEnvironment" parent="."]
environment = SubResource( 3 )
script = null

[node name="Camera3D" type="Camera3D" parent="."]
transform = Transform( 1, 0, 0, 0, 0.709718, 0.704486, 0, -0.704486, 0.709718, -0.207383, 5.19533, 2.97244 )
script = null

[node name="DirectionalLight3D" type="DirectionalLight3D" parent="."]
transform = Transform( 0.682319, -0.649552, -0.335444, 0.391806, -0.0624678, 0.917925, -0.617195, -0.757746, 0.211875, 0.374788, 4.34329, 3.48913 )
shadow_enabled = true
script = null

[node name="PinballBoard" parent="." instance=ExtResource( 1 )]
transform = Transform( 1, 0, 0, 0, 0.963827, -0.266532, 0, 0.266532, 0.963827, 0, 0, 0 )
TransformComponent/transform = Transform( 1, 0, 0, 0, 0.963827, -0.266532, 0, 0.266532, 0.963827, 0, 0, 0 )

[node name="Ball" parent="." instance=ExtResource( 2 )]
transform = Transform( 1, 0, 0, 0, 1, 0, 0, 0, 1, 3.21196, 0.703867, -0.0354223 )
TransformComponent/transform = Transform( 1, 0, 0, 0, 1, 0, 0, 0, 1, 3.21196, 0.703867, -0.0354223 )

[node name="Ball2" parent="." instance=ExtResource( 2 )]
transform = Transform( 1, 0, 0, 0, 1, 0, 0, 0, 1, -3.18132, 0.703867, -0.0354223 )
TransformComponent/transform = Transform( 1, 0, 0, 0, 1, 0, 0, 0, 1, -3.18132, 0.703867, -0.0354223 )
